company_id	executive_id	file_name	calls_number
3537	43034	5519856_T	1