company_id	executive_id	file_name	calls_number
5047	652030	1818050_T	1