company_id	executive_id	file_name	calls_number
7990	74003	875945_T	1